IoU: 0.9927622368386296
Recall (TPR): 0.9991492755549648
FPR: 0.002937427929841597
Precision: 0.9936021150033046
F1 Score: 0.9963679745493107
Accuracy: 0.9977166666666667
FNR: 0.0008507244450352253
TNR: 0.9970625720701584
Error Rate: 0.0022833333333333334

Total Time taken (Iteration 1) in seconds: 0.7780647277832031
